279.26
296.43
291.46
291.51
282.31
299.96
212.04
295.98
161.89
188.63
51.31
274.30
158.47
158.31
218.50
278.59
279.58
281.99
299.07
286.65
291.79
280.55
299.97
145.95
296.43
166.20
205.30
271.72
278.96
174.00
175.38
276.08
284.03
290.33
296.37
286.65
292.00
299.96
162.86
296.25
156.12
193.83
269.83
279.88
172.62
174.41
277.40
281.99
289.43
295.47
283.03
298.02
299.97
153.51
296.34
149.78
204.57
268.79
277.65
177.33
177.74
282.51
285.04
293.41
288.55
282.98
283.01
299.97
169.20
293.18
237.09
179.37
265.12
273.95
148.80
148.39
278.66
283.58
288.08
284.32
283.58
292.37
299.97
191.48
295.41
298.78
153.76
261.79
269.93
125.39
127.91
276.01
283.65
294.57
284.34
296.67
293.74
299.97
149.94
296.66
299.50
162.46
261.74
270.23
130.67
132.46
282.36
282.73
289.17
283.16
290.23
291.86
299.97
180.50
298.21
299.76
156.69
262.34
268.89
125.39
127.34
277.69
280.57
295.45
281.27
298.59
297.98
299.97
181.32
296.02
299.79
150.99
258.02
269.39
123.36
126.12
278.54
282.43
281.37
299.02
283.11
296.63
299.23
299.97
151.16
297.08
299.76
154.90
258.22
269.24
130.35
136.85
277.60
284.34
298.35
282.90
297.09
289.95
299.97
183.51
297.57
299.79
150.59
260.06
268.44
120.75
122.14
279.26
283.25
283.70
292.43
285.81
295.79
286.06
299.97
157.90
295.70
206.76
184.49
274.30
274.67
155.14
157.90
272.26
278.64
285.09
298.43
282.81
290.94
286.63
299.96
202.86
299.60
183.10
181.89
264.27
274.60
155.14
157.34
276.21
279.86
296.33
292.56
297.26
289.85
299.97
148.15
295.45
165.06
191.23
54.15
276.60
167.66
168.63
12.95
57.86
277.85
281.44
296.43
290.56
293.91
287.07
299.97
181.48
299.57
180.75
178.31
273.06
153.76
155.71
299.05
66.34
277.80
278.77
293.77
292.73
285.44
288.85
299.97
192.45
296.46
168.39
191.07
273.75
158.72
160.91
299.17
283.55
283.33
279.76
292.74
294.78
298.48
280.65
299.97
155.55
297.78
170.18
200.01
275.29
167.42
167.98
284.72
282.01
279.56
278.72
282.95
293.70
295.83
295.67
278.94
299.97
170.59
294.75
171.56
200.26
275.61
167.82
165.06
284.03
279.95
279.13
280.82
277.10
290.41
297.37
285.94
284.20
299.97
158.31
295.30
175.14
193.02
277.38
169.45
167.42
284.81
127.70
9.94
280.23
279.83
282.78
289.20
284.77
286.41
299.97
162.70
297.39
160.91
199.28
279.11
173.76
173.35
284.45
279.36
283.35
289.41
291.37
295.71
295.95
299.97
167.98
299.64
170.18
179.77
275.24
160.10
158.88
285.04
281.02
281.60
297.99
296.32
288.77
291.69
299.96
153.11
298.34
181.32
182.29
273.75
160.91
163.27
282.98
279.13
276.88
283.03
296.76
298.32
277.15
285.21
299.97
184.73
298.71
157.50
187.25
275.39
165.46
165.63
284.22
280.16
298.12
296.61
286.60
284.77
299.97
153.51
296.01
163.68
191.80
276.31
170.42
174.00
284.55
282.07
292.93
298.59
278.96
289.03
299.96
98.40
299.03
168.63
261.20
276.26
163.27
167.01
283.60
276.53
278.66
283.35
296.20
295.21
278.39
294.03
299.97
173.76
296.02
164.49
185.46
275.64
165.06
167.82
283.75
281.27
284.05
298.62
282.98
288.63
296.30
299.97
197.41
298.18
167.25
173.59
273.80
155.14
156.28
282.88
275.39
280.25
276.51
291.25
283.16
296.65
284.45
299.96
186.68
299.05
167.42
183.67
275.94
165.22
164.65
274.67
279.21
278.44
275.71
296.35
299.36
288.24
299.97
151.97
298.60
256.29
160.26
272.91
143.43
144.41
277.28
276.76
280.03
291.55
283.68
299.13
288.60
299.97
168.23
297.93
294.80
142.78
268.54
123.36
127.91
276.41
280.45
299.33
283.53
293.83
281.91
299.97
170.99
298.70
147.17
269.69
120.43
121.57
275.12
283.01
289.20
283.63
291.28
275.84
299.97
157.50
299.78
159.86
270.48
127.91
132.14
273.70
278.99
294.52
288.65
298.87
272.81
299.97
159.69
299.82
141.40
279.21
124.98
132.46
279.98
282.36
298.68
290.76
275.00
299.97
150.99
299.78
165.46
246.71
133.27
141.00
278.14
279.51
286.88
298.91
293.14
272.61
299.97
189.28
299.82
138.07
209.01
119.21
125.71
13.96
279.83
280.05
298.63
298.72
277.17
299.97
146.77
201.56
179.93
160.10
165.46
225.19
50.47
12.78
281.37
295.40
293.55
297.11
276.41
299.97
199.77
199.77
171.24
145.79
145.79
260.60
296.73
2.72
274.55
283.55
284.34
298.57
295.98
287.94
299.96
121.16
171.81
193.43
174.41
176.19
125.81
298.30
5.39
11.77
82.64
276.76
277.20
296.42
299.31
290.64
292.02
299.97
163.03
165.63
183.92
166.44
165.46
297.11
267.60
22.63
18.99
101.80
272.96
277.85
279.78
291.77
299.29
286.08
288.24
299.97
195.22
186.52
174.98
157.74
158.72
281.42
298.33
266.56
273.65
277.33
277.33
286.08
297.68
287.41
289.10
299.97
180.10
176.19
177.98
167.42
170.83
283.68
299.29
269.53
275.69
276.46
295.94
298.30
298.00
297.48
299.97
202.29
153.35
171.56
158.07
161.48
282.90
299.01
267.55
274.05
279.46
279.48
294.78
299.15
296.84
289.88
299.97
139.45
176.36
181.32
170.42
175.79
284.08
297.66
272.26
277.67
278.44
279.19
296.34
293.67
287.48
285.31
299.96
163.27
160.26
189.04
176.36
175.79
283.80
299.07
267.65
276.88
277.67
280.75
290.12
287.60
299.21
295.14
299.97
183.51
178.71
174.41
161.24
164.65
282.26
295.92
265.57
277.08
276.98
275.66
296.56
293.51
298.35
299.97
176.52
222.60
172.21
150.75
159.12
282.90
296.46
264.38
278.77
280.45
280.99
295.73
298.78
291.65
299.97
162.70
166.44
186.52
167.01
177.58
283.25
297.16
267.40
277.08
286.23
288.75
299.00
290.42
299.97
123.60
160.10
196.76
183.92
196.03
285.71
298.58
272.36
272.61
272.07
299.37
283.03
292.14
293.21
299.97
174.00
170.59
185.71
170.18
176.76
283.70
297.99
266.36