18.37974194
22.27354839
0.544645161
1.081974194
8.616774194
1.925767742
0.034141935
103.9703226
8.000593548
159.5729032
113.156129
6.066723871
24.95612903
136.323871
134.7793548
17.63371355
4.976376774
18.50980645
20.59083871
15.40451613
5.252980645
3.048387097
7.616090323
12.33987097
0.035686452
125.4309677
4.775806452
167.2954839
100.7187097
7.886245161
22.27354839
127.7883871
127.2193548
12.48432387
8.965672258
20.73716129
3.566206452
8.543612903
8.486709677
17.68877419
0.036418065
87.95612903
4.024683871
138.1122581
111.3677419
4.694895484
25.704
141.5264516
141.6890323
25.50099097
21.41187097
20.42012903
18.01393548
0.931587097
13.34787097
8.210322581
19.45277419
0.034873548
154.0451613
3.572709677
133.803871
94.70322581
28.28090323
21.03793548
126
124.6180645
23.9156129
15.97354839
9.673548387
3.634490323
13.34787097
8.000593548
0.036418065
137.1367742
3.75236129
143.883871
106.1651613
30.16683871
20.11935484
127.3819355
125.5935484
22.59870968
18.01393548
10.56774194
4.53356129
16.96529032
1.978606452
0.034873548
146.4851613
3.658877419
150.2245161
95.43483871
31.20735484
22.35483871
122.6670968
122.2606452
17.48554839
14.95741935
6.586141935
11.44567742
17.02219355
16.98967742
0.034141935
130.796129
6.821883871
62.91058065
120.6348387
34.88167742
26.04541935
151.2
151.6064516
21.33870968
16.42064516
11.91716129
15.68090323
16.42064516
7.628283871
0.032597419
108.5225806
4.589651613
1.216916129
146.2412903
38.20645161
30.06929032
174.6116129
172.0916129
23.98877419
16.34748387
5.432632258
15.65651613
3.330464516
6.257729032
0.033329032
150.0619355
3.342658065
0.497496774
137.5432258
38.25522581
29.76851613
169.3277419
167.5393548
17.64
17.26606452
10.82787097
16.84335484
9.771096774
8.13716129
0.034873548
119.4967742
1.792451613
0.243870968
143.3148387
37.66180645
31.10980645
174.6116129
172.6606452
22.30606452
19.4283871
4.545754839
18.72929032
1.407948387
2.021690323
0.033329032
118.683871
3.975096774
0.211354839
149.0051613
41.97832258
30.61393548
176.643871
173.88
21.46064516
17.56683871
18.63174194
0.978735484
16.89212903
3.373548387
0.767380645
0.034141935
148.8425806
2.92076129
0.243870968
145.1032258
41.77509677
30.76025806
169.6529032
163.1496774
22.4036129
15.65651613
1.646941935
17.09535484
2.911819355
10.04748387
0.034141935
116.4890323
2.434645161
0.211354839
149.4116129
39.93793548
31.55690323
179.2451613
177.8632258
20.73716129
16.74580645
16.29870968
7.566503226
14.19329032
4.21083871
13.94129032
0.032597419
142.0954839
4.297819355
93.24
115.5135484
25.704
25.33006452
144.8593548
142.0954839
27.73625806
21.36309677
14.90864516
1.565651613
17.19290323
9.063870968
13.37225806
0.035686452
97.14193548
0.4032
116.8954839
118.1148387
35.72709677
25.40322581
144.8593548
142.6645161
23.79367742
20.14374194
3.665380645
7.442129032
2.737858065
10.14503226
0.034873548
151.8503226
4.552258065
134.9419355
108.7664516
4.848886452
23.39535484
132.3406452
131.3651613
0.049104774
0.138930581
22.1516129
18.55858065
3.566206452
9.437806452
6.090270968
12.92516129
0.034141935
118.5212903
0.431651613
119.2529032
121.6916129
26.9396129
146.2412903
144.2903226
0.950283871
1.658875355
22.2003871
21.23303226
6.22683871
7.268980645
14.55909677
11.15303226
0.034141935
107.5470968
3.541006452
131.6090323
108.9290323
26.24864516
141.2825806
139.0877419
0.830787097
16.44503226
16.67264516
20.24129032
7.255974194
5.222090323
1.522567742
19.34709677
0.034141935
144.4529032
2.2176
129.8206452
99.98709677
24.71225806
132.5845161
132.0154839
15.28258065
17.98954839
20.44451613
21.28180645
17.04658065
6.300812903
4.174258065
4.328709677
21.06232258
0.034873548
129.4141935
5.246477419
128.4387097
99.74322581
24.38709677
132.1780645
134.9419355
15.97354839
20.04619355
20.86722581
19.1763871
22.89948387
9.592258065
2.626490323
14.06322581
15.80283871
0.034873548
141.6890323
4.701019355
124.8619355
106.9780645
22.62309677
130.5522581
132.5845161
15.18503226
5.304898065
0.056036129
19.76980645
20.16812903
17.21729032
10.80348387
15.23380645
13.59174194
0.033329032
137.2993548
2.611045161
139.0877419
100.7187097
20.8916129
126.243871
126.6503226
15.55083871
20.6396129
16.64825806
10.59212903
8.633032258
4.285625806
4.049883871
0.034141935
132.0154839
0.359303226
129.8206452
120.2283871
24.76103226
139.9006452
141.12
14.95741935
18.98129032
18.40412903
2.006245161
3.677574194
11.22619355
8.307870968
0.036418065
146.8916129
1.655883871
118.683871
117.7083871
26.24864516
139.0877419
136.7303226
17.02219355
20.86722581
23.11896774
16.96529032
3.237793548
1.677832258
22.85070968
14.78670968
0.034873548
115.2696774
1.291703226
142.5019355
112.7496774
24.60658065
134.5354839
134.3729032
15.77845161
19.84296774
1.879432258
3.386554839
13.39664516
15.23380645
0.034873548
146.4851613
3.993793548
136.323871
108.1974194
23.688
129.5767742
126
15.45329032
17.93264516
7.070632258
1.4112
21.03793548
10.97419355
0.037230968
201.6
0.973858065
131.3651613
38.79987097
23.74490323
136.7303226
132.9909677
16.39625806
23.46851613
21.33870968
16.64825806
3.801948387
4.794503226
21.60696774
5.9724
0.034873548
126.243871
3.975096774
135.5109677
114.5380645
24.36270968
134.9419355
132.1780645
16.24993548
18.72929032
15.94916129
1.381122581
17.02219355
11.37251613
3.702774194
0.033329032
102.5883871
1.81683871
132.7470968
126.4064516
26.19987097
144.8593548
143.7212903
17.11974194
24.60658065
19.74541935
23.49290323
8.74683871
16.84335484
3.34916129
15.55083871
0.035686452
113.3187097
0.950283871
132.5845161
116.3264516
24.06193548
134.7793548
135.3483871
25.33006452
20.78593548
21.55819355
24.28954839
3.646683871
0.635690323
11.76270968
0.033329032
148.0296774
1.403070968
43.70980645
139.7380645
27.09406452
156.5651613
155.5896774
22.72064516
23.24090323
19.97303226
8.446064516
16.32309677
0.868180645
11.39690323
0.034141935
131.7716129
2.065587097
5.196890323
157.2154839
31.45935484
176.643871
172.0916129
23.59045161
19.55032258
0.666580645
16.46941935
6.165058065
18.08709677
0.034873548
129.0077419
1.302270968
152.8258065
30.31316129
179.5703226
178.4322581
24.88296774
16.98967742
10.79535484
16.37187097
8.722451613
24.15948387
0.034141935
142.5019355
0.222735484
140.1445161
29.52464516
172.0916129
167.8645161
26.29741935
21.01354839
5.476529032
11.34812903
1.127496774
27.1916129
0.033329032
140.3070968
0.179651613
158.5974194
20.78593548
175.0180645
167.5393548
20.02180645
17.64
1.320967742
9.242709677
25.00490323
0.034141935
149.0051613
0.222735484
134.5354839
53.28580645
166.7264516
159.003871
21.85896774
20.49329032
13.12025806
1.085225806
6.859277419
27.38670968
0.033329032
110.7174194
0.179651613
161.9303226
37.98891871
180.7896774
174.2864516
0.044650065
20.16812903
19.94864516
1.372180645
1.283574194
22.82632258
0.034873548
153.2322581
98.44258065
120.0658065
139.9006452
134.5354839
24.80709677
0.526102839
1.220384516
18.63174194
4.601845161
6.450387097
2.893122581
23.59045161
0.034873548
100.2309677
100.2309677
128.763871
154.2077419
154.2077419
36.39993677
3.268683871
0.283784516
25.452
16.44503226
15.65651613
1.426645161
4.024683871
12.05535484
0.035686452
178.8387097
128.1948387
106.5716129
125.5935484
123.8051613
13.19388
1.696529032
0.611303226
0.230701935
9.35835871
23.24090323
22.80193548
3.584903226
0.687716129
9.356516129
7.975393548
0.034141935
136.9741935
134.3729032
116.0825806
133.56
134.5354839
2.889870968
32.40232258
0.369448258
0.005869161
4.19924129
27.03716129
22.1516129
20.21690323
8.234709677
0.710477419
13.91690323
11.76270968
0.034873548
104.7832258
113.4812903
125.0245161
142.2580645
141.2825806
18.58296774
1.668077419
33.44283871
26.34619355
22.67187097
22.67187097
13.91690323
2.322464516
12.59187097
10.90103226
0.033329032
119.9032258
123.8051613
122.0167742
132.5845161
129.1703226
16.32309677
0.707225806
30.4676129
24.31393548
23.54167742
4.062077419
1.698967742
1.999741935
2.524064516
0.033329032
97.71096774
146.6477419
128.4387097
141.9329032
138.5187097
17.09535484
0.989303226
32.45109677
25.94787097
20.54206452
20.51767742
5.215587097
0.847858065
3.163006452
10.12064516
0.033329032
160.5483871
123.6425806
118.683871
129.5767742
124.2116129
15.92477419
2.34116129
27.73625806
22.33045161
21.55819355
20.81032258
3.658877419
6.326012903
12.51870968
14.68916129
0.035686452
136.7303226
139.7380645
110.9612903
123.6425806
124.2116129
16.20116129
0.927522581
32.34541935
23.11896774
22.33045161
19.24954839
9.884903226
12.40490323
0.790141935
4.861974194
0.034873548
116.4890323
121.2851613
125.5935484
138.7625806
135.3483871
17.73754839
4.080774194
34.43458065
22.92387097
23.02141935
24.33832258
3.436141935
6.486967742
1.646941935
0.034141935
123.48
77.39651613
127.7883871
149.2490323
140.876129
17.09535484
3.535316129
35.62141935
21.23303226
19.55032258
19.00567742
4.266929032
1.221793548
8.348516129
0.034141935
137.2993548
133.56
113.4812903
132.9909677
122.4232258
16.74580645
2.837032258
32.59741935
22.92387097
13.77058065
11.25058065
0.998245161
9.576
0.033329032
176.4
139.9006452
103.2387097
116.0825806
103.9703226
14.29083871
1.418516129
27.63870968
27.38670968
27.93135484
0.629187097
16.96529032
7.864025806
6.785303226
0.034873548
126
129.4141935
114.2941935
129.8206452
123.236129
16.29870968
2.009496774
33.63793548