0.071372903
0.068067097
0.060046452
0.00310529
0.044492903
0.027367742
0.064842581
0.000116245
0.513483871
0.011909032
0.446012903
0.315677419
0.094269677
0.070126452
0.42
0.415393548
0.07971871
0.053245161
0.032245161
0.012114968
0.044492903
0.026668645
0.000121394
0.457122581
0.012507871
0.479612903
0.353883871
0.100556129
0.067064516
0.424606452
0.418645161
0.075329032
0.060046452
0.035225806
0.015111871
0.056550968
0.006595355
0.000116245
0.488283871
0.012196258
0.500748387
0.318116129
0.104024516
0.074516129
0.408890323
0.407535484
0.058285161
0.049858065
0.021953806
0.038152258
0.056740645
0.056632258
0.000113806
0.435987097
0.022739613
0.209701935
0.402116129
0.116272258
0.086818065
0.504
0.505354839
0.071129032
0.054735484
0.039723871
0.052269677
0.054735484
0.025427613
0.000108658
0.361741935
0.015298839
0.004056387
0.487470968
0.127354839
0.100230968
0.58203871
0.57363871
0.079962581
0.054491613
0.018108774
0.052188387
0.011101548
0.020859097
0.000111097
0.500206452
0.011142194
0.001658323
0.458477419
0.127517419
0.099228387
0.564425806
0.558464516
0.0588
0.057553548
0.036092903
0.056144516
0.032570323
0.027123871
0.000116245
0.398322581
0.005974839
0.000812903
0.477716129
0.125539355
0.103699355
0.58203871
0.575535484
0.074353548
0.06476129
0.015152516
0.062430968
0.004693161
0.006738968
0.000111097
0.395612903
0.013250323
0.000704516
0.496683871
0.139927742
0.102046452
0.588812903
0.5796
0.071535484
0.058556129
0.062105806
0.003262452
0.056307097
0.011245161
0.002557935
0.000113806
0.496141935
0.009735871
0.000812903
0.483677419
0.139250323
0.102534194
0.565509677
0.543832258
0.07467871
0.052188387
0.005489806
0.056984516
0.009706065
0.033491613
0.000113806
0.388296774
0.008115484
0.000704516
0.49803871
0.133126452
0.105189677
0.597483871
0.592877419
0.069123871
0.055819355
0.054329032
0.025221677
0.047310968
0.014036129
0.046470968
0.000108658
0.473651613
0.014326065
0.3108
0.385045161
0.08568
0.084433548
0.482864516
0.473651613
0.092454194
0.071210323
0.049695484
0.005218839
0.057309677
0.030212903
0.044574194
0.000118955
0.323806452
0.001344
0.389651613
0.393716129
0.119090323
0.084677419
0.482864516
0.475548387
0.079312258
0.067145806
0.012217935
0.024807097
0.009126194
0.033816774
0.000116245
0.506167742
0.015174194
0.449806452
0.362554839
0.082184516
0.077984516
0.441135484
0.437883871
0.00377729
0.002395355
0.07383871
0.061861935
0.011887355
0.031459355
0.020300903
0.043083871
0.000113806
0.395070968
0.001438839
0.397509677
0.40563871
0.08979871
0.487470968
0.480967742
0.003167613
0.024395226
0.07400129
0.070776774
0.020756129
0.024229935
0.048530323
0.037176774
0.000113806
0.358490323
0.011803355
0.438696774
0.363096774
0.087495484
0.470941935
0.463625806
0.00276929
0.054816774
0.055575484
0.067470968
0.024186581
0.017406968
0.005075226
0.064490323
0.000113806
0.481509677
0.007392
0.432735484
0.333290323
0.082374194
0.441948387
0.440051613
0.050941935
0.059965161
0.068148387
0.070939355
0.056821935
0.02100271
0.013914194
0.014429032
0.070207742
0.000116245
0.431380645
0.017488258
0.428129032
0.332477419
0.081290323
0.440593548
0.449806452
0.053245161
0.066820645
0.069557419
0.06392129
0.076331613
0.031974194
0.008754968
0.046877419
0.052676129
0.000116245
0.472296774
0.015670065
0.416206452
0.356593548
0.075410323
0.435174194
0.441948387
0.050616774
0.039886452
0.005603613
0.065899355
0.067227097
0.057390968
0.036011613
0.050779355
0.045305806
0.000111097
0.457664516
0.008703484
0.463625806
0.335729032
0.06963871
0.420812903
0.422167742
0.051836129
0.06879871
0.055494194
0.035307097
0.028776774
0.014285419
0.013499613
0.000113806
0.440051613
0.001197677
0.432735484
0.40076129
0.082536774
0.466335484
0.4704
0.049858065
0.063270968
0.061347097
0.006687484
0.012258581
0.037420645
0.027692903
0.000121394
0.48963871
0.005519613
0.395612903
0.39236129
0.087495484
0.463625806
0.455767742
0.056740645
0.069557419
0.077063226
0.056550968
0.010792645
0.005592774
0.076169032
0.049289032
0.000116245
0.384232258
0.004305677
0.475006452
0.375832258
0.082021935
0.448451613
0.447909677
0.052594839
0.066143226
0.006264774
0.011288516
0.044655484
0.050779355
0.000116245
0.488283871
0.013312645
0.454412903
0.360658065
0.07896
0.431922581
0.42
0.051510968
0.059775484
0.023568774
0.004704
0.070126452
0.036580645
0.000124103
0.672
0.003246194
0.437883871
0.129332903
0.079149677
0.455767742
0.443303226
0.054654194
0.078228387
0.071129032
0.055494194
0.012673161
0.015981677
0.072023226
0.019908
0.000116245
0.420812903
0.013250323
0.451703226
0.381793548
0.081209032
0.449806452
0.440593548
0.054166452
0.062430968
0.053163871
0.004603742
0.056740645
0.037908387
0.012342581
0.000111097
0.34196129
0.006056129
0.442490323
0.421354839
0.087332903
0.482864516
0.479070968
0.057065806
0.082021935
0.065818065
0.078309677
0.029156129
0.056144516
0.011163871
0.051836129
0.000118955
0.377729032
0.003167613
0.441948387
0.387754839
0.080206452
0.449264516
0.45116129
0.084433548
0.069286452
0.071860645
0.080965161
0.012155613
0.002118968
0.039209032
0.000111097
0.493432258
0.004676903
0.145699355
0.465793548
0.090313548
0.521883871
0.518632258
0.075735484
0.077469677
0.066576774
0.028153548
0.054410323
0.002893935
0.037989677
0.000113806
0.43923871
0.00688529
0.017322968
0.524051613
0.104864516
0.588812903
0.57363871
0.078634839
0.065167742
0.002221935
0.054898065
0.020550194
0.060290323
0.000116245
0.430025806
0.004340903
0.509419355
0.101043871
0.598567742
0.594774194
0.082943226
0.056632258
0.035984516
0.054572903
0.029074839
0.080531613
0.000113806
0.475006452
0.000742452
0.467148387
0.098415484
0.57363871
0.559548387
0.087658065
0.070045161
0.018255097
0.037827097
0.003758323
0.09063871
0.000111097
0.467690323
0.000598839
0.528658065
0.069286452
0.583393548
0.558464516
0.066739355
0.0588
0.004403226
0.030809032
0.083349677
0.000113806
0.496683871
0.000742452
0.448451613
0.177619355
0.555754839
0.530012903
0.072863226
0.068310968
0.043734194
0.003617419
0.022864258
0.091289032
0.000111097
0.369058065
0.000598839
0.539767742
0.15380129
0.602632258
0.580954839
0.00318929
0.067227097
0.066495484
0.004573935
0.004278581
0.076087742
0.000116245
0.510774194
0.328141935
0.400219355
0.466335484
0.448451613
0.099228387
0.010315742
0.087170323
0.062105806
0.015339484
0.02150129
0.009643742
0.078634839
0.000116245
0.334103226
0.334103226
0.429212903
0.514025806
0.514025806
0.12255871
0.010895613
0.094594839
0.08484
0.054816774
0.052188387
0.004755484
0.013415613
0.040184516
0.000118955
0.596129032
0.427316129
0.35523871
0.418645161
0.412683871
0.09492
0.005655097
0.101883871
0.019225161
0.10172129
0.077469677
0.076006452
0.011949677
0.002292387
0.031188387
0.026584645
0.000113806
0.456580645
0.447909677
0.386941935
0.4452
0.448451613
0.009632903
0.108007742
0.016062968
0.000308903
0.039615484
0.090123871
0.07383871
0.067389677
0.027449032
0.002368258
0.046389677
0.039209032
0.000116245
0.349277419
0.378270968
0.416748387
0.474193548
0.470941935
0.061943226
0.005560258
0.111476129
0.087820645
0.075572903
0.075572903
0.046389677
0.007741548
0.041972903
0.036336774
0.000111097
0.399677419
0.412683871
0.406722581
0.441948387
0.430567742
0.054410323
0.002357419
0.10155871
0.081046452
0.078472258
0.013540258
0.005663226
0.006665806
0.008413548
0.000111097
0.325703226
0.488825806
0.428129032
0.473109677
0.461729032
0.056984516
0.003297677
0.108170323
0.086492903
0.068473548
0.068392258
0.01738529
0.002826194
0.010543355
0.033735484
0.000111097
0.53516129
0.412141935
0.395612903
0.431922581
0.41403871
0.053082581
0.007803871
0.092454194
0.074434839
0.071860645
0.069367742
0.012196258
0.02108671
0.041729032
0.048963871
0.000118955
0.455767742
0.465793548
0.369870968
0.412141935
0.41403871
0.054003871
0.003091742
0.107818065
0.077063226
0.074434839
0.064165161
0.032949677
0.041349677
0.002633806
0.016206581
0.000116245
0.388296774
0.404283871
0.418645161
0.462541935
0.45116129
0.059125161
0.013602581
0.114781935
0.076412903
0.076738065
0.081127742
0.011453806
0.021623226
0.005489806
0.000113806
0.4116
0.257988387
0.42596129
0.497496774
0.469587097
0.056984516
0.011784387
0.118738065
0.070776774
0.065167742
0.063352258
0.014223097
0.004072645
0.027828387
0.000113806
0.457664516
0.4452
0.378270968
0.443303226
0.408077419
0.055819355
0.009456774
0.108658065
0.076412903
0.045901935
0.037501935
0.003327484
0.03192
0.000111097
0.588
0.466335484
0.344129032
0.386941935
0.346567742
0.047636129
0.004728387
0.092129032
0.091289032
0.093104516
0.00209729
0.056550968
0.026213419
0.022617677
0.000116245
0.42
0.431380645
0.380980645
0.432735484
0.410787097
0.054329032
0.006698323
0.112126452