300.00
300.00
300.00
300.00
300.00
300.00
300.00
300.00
300.00
300.00
300.00
300.00
300.00
300.00
300.00
300.00
300.00
300.00
300.00
300.00
300.00
300.00
300.00
300.00
300.00
300.00
300.00
300.00
300.00
300.00
300.00
300.00
300.00
300.00
300.00
300.00
300.00
300.00
300.00
300.00
300.00
300.00
300.00
300.00
300.00
300.00
300.00
300.00
300.00
300.00
300.00
300.00
300.00
300.00
300.00
300.00
300.00
300.00
300.00
300.00
300.00
300.00
300.00
300.00
300.00
300.00
300.00
300.00
300.00
300.00
300.00
300.00
300.00
300.00
300.00
300.00
300.00
300.00
300.00
300.00
300.00
300.00
300.00
300.00
300.00
300.00
300.00
300.00
300.00
300.00
300.00
300.00
300.00
300.00
300.00
300.00
300.00
300.00
300.00
300.00
300.00
300.00
300.00
300.00
300.00
300.00
300.00
300.00
300.00
300.00
300.00
300.00
300.00
300.00
300.00
300.00
300.00
300.00
300.00
300.00
300.00
300.00
300.00
300.00
300.00
300.00
300.00
300.00
300.00
300.00
300.00
300.00
300.00
300.00
300.00
300.00
300.00
300.00
300.00
300.00
300.00
300.00
300.00
300.00
300.00
300.00
300.00
300.00
300.00
300.00
300.00
300.00
300.00
300.00
300.00
300.00
300.00
300.00
300.00
300.00
300.00
300.00
300.00
300.00
59.00
300.00
300.00
300.00
13.00
58.00
300.00
300.00
300.00
300.00
300.00
300.00
300.00
300.00
300.00
300.00
300.00
300.00
300.00
300.00
300.00
68.00
300.00
300.00
300.00
300.00
300.00
300.00
300.00
300.00
300.00
300.00
300.00
300.00
300.00
300.00
300.00
300.00
300.00
300.00
300.00
300.00
300.00
300.00
300.00
300.00
300.00
300.00
300.00
300.00
300.00
300.00
300.00
300.00
300.00
300.00
300.00
300.00
300.00
300.00
300.00
300.00
300.00
300.00
300.00
300.00
300.00
300.00
300.00
300.00
300.00
300.00
300.00
300.00
300.00
300.00
300.00
300.00
300.00
300.00
300.00
300.00
300.00
300.00
300.00
300.00
300.00
133.00
10.00
300.00
300.00
300.00
300.00
300.00
300.00
300.00
300.00
300.00
300.00
300.00
300.00
300.00
300.00
300.00
300.00
300.00
300.00
300.00
300.00
300.00
300.00
300.00
300.00
300.00
300.00
300.00
300.00
300.00
300.00
300.00
300.00
300.00
300.00
300.00
300.00
300.00
300.00
300.00
300.00
300.00
300.00
300.00
300.00
300.00
300.00
300.00
300.00
300.00
300.00
300.00
300.00
300.00
300.00
300.00
300.00
300.00
300.00
300.00
300.00
300.00
300.00
300.00
300.00
300.00
300.00
300.00
300.00
300.00
300.00
300.00
300.00
300.00
300.00
300.00
300.00
300.00
300.00
300.00
300.00
300.00
300.00
300.00
300.00
300.00
300.00
300.00
300.00
300.00
300.00
300.00
300.00
300.00
300.00
300.00
300.00
300.00
300.00
300.00
300.00
300.00
300.00
300.00
300.00
300.00
300.00
300.00
300.00
300.00
300.00
300.00
300.00
300.00
300.00
300.00
300.00
300.00
300.00
300.00
300.00
300.00
300.00
300.00
300.00
300.00
300.00
300.00
300.00
300.00
300.00
300.00
300.00
300.00
300.00
300.00
300.00
300.00
300.00
300.00
300.00
300.00
300.00
300.00
300.00
300.00
300.00
300.00
300.00
300.00
300.00
300.00
300.00
300.00
300.00
300.00
300.00
300.00
300.00
300.00
300.00
300.00
300.00
300.00
300.00
300.00
300.00
300.00
300.00
300.00
300.00
300.00
300.00
300.00
300.00
300.00
300.00
300.00
300.00
300.00
300.00
300.00
300.00
300.00
300.00
300.00
300.00
300.00
300.00
300.00
300.00
300.00
300.00
300.00
300.00
300.00
300.00
300.00
300.00
300.00
300.00
300.00
300.00
300.00
300.00
300.00
300.00
300.00
300.00
300.00
300.00
300.00
300.00
300.00
300.00
300.00
300.00
300.00
300.00
300.00
300.00
300.00
300.00
300.00
300.00
300.00
300.00
247.00
300.00
300.00
14.00
300.00
300.00
300.00
300.00
300.00
300.00
300.00
300.00
300.00
300.00
300.00
250.00
51.00
14.00
300.00
300.00
300.00
300.00
300.00
300.00
300.00
300.00
300.00
300.00
300.00
297.00
300.00
3.00
300.00
300.00
300.00
300.00
300.00
300.00
300.00
300.00
300.00
300.00
300.00
300.00
139.00
300.00
6.00
12.00
92.00
300.00
300.00
300.00
300.00
300.00
300.00
300.00
300.00
300.00
300.00
300.00
300.00
300.00
300.00
23.00
19.00
106.00
300.00
300.00
300.00
300.00
300.00
300.00
300.00
300.00
300.00
300.00
300.00
300.00
300.00
300.00
300.00
300.00
300.00
300.00
300.00
300.00
300.00
300.00
300.00
300.00
300.00
300.00
300.00
300.00
300.00
300.00
300.00
300.00
300.00
300.00
300.00
300.00
300.00
300.00
300.00
300.00
300.00
300.00
300.00
300.00
300.00
300.00
300.00
300.00
300.00
300.00
300.00
300.00
300.00
300.00
300.00
300.00
300.00
300.00
300.00
300.00
300.00
300.00
300.00
300.00
300.00
300.00
300.00
300.00
300.00
300.00
300.00
300.00
300.00
300.00
300.00
300.00
300.00
300.00
300.00
300.00
300.00
300.00
300.00
300.00
300.00
300.00
300.00
300.00
300.00
300.00
300.00
300.00
300.00
300.00
300.00
300.00
300.00
300.00
300.00
300.00
300.00
300.00
300.00
300.00
300.00
300.00
300.00
300.00
300.00
300.00
300.00
300.00
300.00
300.00
300.00
300.00
300.00
300.00
300.00
300.00
300.00
300.00
300.00
300.00
300.00
300.00
300.00
300.00
300.00
300.00
300.00
300.00
300.00
300.00
300.00
300.00
300.00
300.00
300.00
300.00
300.00
300.00
300.00
300.00
300.00
300.00
300.00
300.00
300.00
300.00
300.00
300.00
300.00
300.00